0 33 0.1611328125
1 34 0.166015625
2 34 0.166015625
3 34 0.166015625
4 34 0.166015625
5 33 0.1611328125
6 34 0.166015625
7 34 0.166015625
8 34 0.166015625
9 34 0.166015625
10 34 0.166015625
11 34 0.166015625
12 33 0.1611328125
13 33 0.1611328125
14 33 0.1611328125
15 34 0.166015625
16 33 0.1611328125
17 33 0.1611328125
18 34 0.166015625
19 34 0.166015625
20 34 0.166015625
21 34 0.166015625
22 33 0.1611328125
23 34 0.166015625
24 34 0.166015625
25 34 0.166015625
26 34 0.166015625
27 34 0.166015625
28 34 0.166015625
29 34 0.166015625
30 34 0.166015625
31 34 0.166015625
32 34 0.166015625
33 34 0.166015625
34 34 0.166015625
35 34 0.166015625
36 34 0.166015625
37 34 0.166015625
38 34 0.166015625
39 34 0.166015625
40 34 0.166015625
41 34 0.166015625
42 34 0.166015625
43 34 0.166015625
44 34 0.166015625
45 34 0.166015625
46 34 0.166015625
47 34 0.166015625
48 34 0.166015625
49 34 0.166015625
50 34 0.166015625
51 34 0.166015625
52 34 0.166015625
53 34 0.166015625
54 34 0.166015625
55 34 0.166015625
56 34 0.166015625
57 34 0.166015625
58 34 0.166015625
59 34 0.166015625
60 34 0.166015625
61 34 0.166015625
62 34 0.166015625
63 34 0.166015625
64 34 0.166015625
65 34 0.166015625
66 34 0.166015625
67 34 0.166015625
68 34 0.166015625
69 34 0.166015625
70 34 0.166015625
71 34 0.166015625
72 34 0.166015625
73 34 0.166015625
74 34 0.166015625
75 34 0.166015625
76 34 0.166015625
77 34 0.166015625
78 34 0.166015625
79 34 0.166015625
80 34 0.166015625
81 34 0.166015625
82 34 0.166015625
83 34 0.166015625
84 34 0.166015625
85 34 0.166015625
86 34 0.166015625
87 34 0.166015625
88 34 0.166015625
89 34 0.166015625
90 34 0.166015625
91 34 0.166015625
92 34 0.166015625
93 34 0.166015625
94 34 0.166015625
95 34 0.166015625
96 34 0.166015625
97 34 0.166015625
98 34 0.166015625
99 34 0.166015625
100 34 0.166015625
101 34 0.166015625
102 34 0.166015625
103 35 0.1708984375
104 35 0.1708984375
105 36 0.17578125
106 37 0.1806640625
107 39 0.1904296875
108 39 0.1904296875
109 40 0.1953125
110 40 0.1953125
111 41 0.2001953125
112 41 0.2001953125
113 41 0.2001953125
114 41 0.2001953125
115 41 0.2001953125
116 41 0.2001953125
117 41 0.2001953125
118 57 0.2783203125
119 100 0.48828125
120 140 0.68359375
121 158 0.771484375
122 163 0.7958984375
123 164 0.80078125
124 165 0.8056640625
125 165 0.8056640625
126 165 0.8056640625
127 164 0.80078125
128 164 0.80078125
129 166 0.810546875
130 169 0.8251953125
131 170 0.830078125
132 169 0.8251953125
133 167 0.8154296875
134 165 0.8056640625
135 163 0.7958984375
136 161 0.7861328125
137 161 0.7861328125
138 162 0.791015625
139 166 0.810546875
140 173 0.8447265625
141 187 0.9130859375
142 209 1.0205078125
143 238 1.162109375
144 269 1.3134765625
145 295 1.4404296875
146 318 1.552734375
147 337 1.6455078125
148 355 1.7333984375
149 371 1.8115234375
150 385 1.8798828125
151 397 1.9384765625
152 408 1.9921875
153 417 2.0361328125
154 426 2.080078125
155 433 2.1142578125
156 440 2.1484375
157 448 2.1875
158 454 2.216796875
159 459 2.2412109375
160 465 2.2705078125
161 469 2.2900390625
162 472 2.3046875
163 477 2.3291015625
164 482 2.353515625
165 484 2.36328125
166 486 2.373046875
167 489 2.3876953125
168 492 2.40234375
169 494 2.412109375
170 496 2.421875
171 498 2.431640625
172 501 2.4462890625
173 502 2.451171875
174 504 2.4609375
175 506 2.470703125
176 507 2.4755859375
177 508 2.48046875
178 510 2.490234375
179 512 2.5
180 513 2.5048828125
181 515 2.5146484375
182 517 2.5244140625
183 517 2.5244140625
184 519 2.5341796875
185 520 2.5390625
186 521 2.5439453125
187 521 2.5439453125
188 522 2.548828125
189 524 2.55859375
190 524 2.55859375
191 526 2.568359375
192 526 2.568359375
193 527 2.5732421875
194 528 2.578125
195 529 2.5830078125
196 529 2.5830078125
197 530 2.587890625
198 531 2.5927734375
199 531 2.5927734375
200 532 2.59765625
201 533 2.6025390625
202 532 2.59765625
203 534 2.607421875
204 535 2.6123046875
205 535 2.6123046875
206 536 2.6171875
207 534 2.607421875
208 536 2.6171875
209 536 2.6171875
210 537 2.6220703125
211 538 2.626953125
212 538 2.626953125
213 538 2.626953125
214 539 2.6318359375
215 539 2.6318359375
216 539 2.6318359375
217 539 2.6318359375
218 540 2.63671875
219 540 2.63671875
220 540 2.63671875
221 540 2.63671875
222 540 2.63671875
223 541 2.6416015625
224 541 2.6416015625
225 542 2.646484375
226 541 2.6416015625
227 542 2.646484375
228 542 2.646484375
229 542 2.646484375
230 543 2.6513671875
231 542 2.646484375
232 543 2.6513671875
233 542 2.646484375
234 543 2.6513671875
235 544 2.65625
236 543 2.6513671875
237 543 2.6513671875
238 544 2.65625
239 544 2.65625
240 544 2.65625
241 544 2.65625
242 544 2.65625
243 544 2.65625
244 544 2.65625
245 544 2.65625
246 545 2.6611328125
247 544 2.65625
248 545 2.6611328125
249 545 2.6611328125
250 545 2.6611328125
251 545 2.6611328125
252 545 2.6611328125
253 546 2.666015625
254 543 2.6513671875
255 540 2.63671875
256 543 2.6513671875
257 543 2.6513671875
258 540 2.63671875
259 539 2.6318359375
260 538 2.626953125
261 537 2.6220703125
262 532 2.59765625
263 528 2.578125
264 527 2.5732421875
265 528 2.578125
266 528 2.578125
267 526 2.568359375
268 526 2.568359375
269 526 2.568359375
270 527 2.5732421875
271 527 2.5732421875
272 528 2.578125
273 528 2.578125
274 529 2.5830078125
275 530 2.587890625
276 530 2.587890625
277 531 2.5927734375
278 532 2.59765625
279 532 2.59765625
280 533 2.6025390625
281 533 2.6025390625
282 534 2.607421875
283 534 2.607421875
284 536 2.6171875
285 529 2.5830078125
286 518 2.529296875
287 503 2.4560546875
288 492 2.40234375
289 481 2.3486328125
290 474 2.314453125
291 468 2.28515625
292 464 2.265625
293 459 2.2412109375
294 456 2.2265625
295 452 2.20703125
296 446 2.177734375
297 439 2.1435546875
298 434 2.119140625
299 429 2.0947265625
300 424 2.0703125
301 419 2.0458984375
302 415 2.0263671875
303 410 2.001953125
304 405 1.9775390625
305 400 1.953125
306 395 1.9287109375
307 390 1.904296875
308 386 1.884765625
309 381 1.8603515625
310 376 1.8359375
311 371 1.8115234375
312 368 1.796875
313 363 1.7724609375
314 358 1.748046875
315 355 1.7333984375
316 350 1.708984375
317 347 1.6943359375
318 342 1.669921875
319 339 1.6552734375
320 335 1.6357421875
321 330 1.611328125
322 326 1.591796875
323 323 1.5771484375
324 320 1.5625
325 316 1.54296875
326 313 1.5283203125
327 308 1.50390625
328 306 1.494140625
329 302 1.474609375
330 299 1.4599609375
331 296 1.4453125
332 293 1.4306640625
333 289 1.4111328125
334 286 1.396484375
335 283 1.3818359375
336 280 1.3671875
337 277 1.3525390625
338 274 1.337890625
339 271 1.3232421875
340 268 1.30859375
341 265 1.2939453125
342 262 1.279296875
343 259 1.2646484375
344 257 1.2548828125
345 254 1.240234375
346 252 1.23046875
347 249 1.2158203125
348 246 1.201171875
349 243 1.1865234375
350 241 1.1767578125
351 239 1.1669921875
352 236 1.15234375
353 234 1.142578125
354 231 1.1279296875
355 229 1.1181640625
356 226 1.103515625
357 224 1.09375
358 222 1.083984375
359 220 1.07421875
360 218 1.064453125
361 216 1.0546875
362 213 1.0400390625
363 211 1.0302734375
364 209 1.0205078125
365 207 1.0107421875
366 206 1.005859375
367 203 0.9912109375
368 202 0.986328125
369 200 0.9765625
370 198 0.966796875
371 196 0.95703125
372 194 0.947265625
373 193 0.9423828125
374 191 0.9326171875
375 189 0.9228515625
376 188 0.91796875
377 186 0.908203125
378 185 0.9033203125
379 184 0.8984375
380 182 0.888671875
381 181 0.8837890625
382 179 0.8740234375
383 178 0.869140625
384 176 0.859375
385 175 0.8544921875
386 174 0.849609375
387 173 0.8447265625
388 173 0.8447265625
389 172 0.83984375
390 170 0.830078125
391 169 0.8251953125
392 168 0.8203125
393 167 0.8154296875
394 166 0.810546875
395 165 0.8056640625
396 164 0.80078125
397 163 0.7958984375
398 162 0.791015625
399 160 0.78125
400 159 0.7763671875
401 158 0.771484375
402 157 0.7666015625
403 156 0.76171875
404 155 0.7568359375
405 154 0.751953125
406 154 0.751953125
407 152 0.7421875
408 151 0.7373046875
409 150 0.732421875
410 149 0.7275390625
411 149 0.7275390625
412 147 0.7177734375
413 146 0.712890625
414 145 0.7080078125
415 144 0.703125
416 144 0.703125
417 143 0.6982421875
418 142 0.693359375
419 141 0.6884765625
420 140 0.68359375
421 139 0.6787109375
422 139 0.6787109375
423 138 0.673828125
424 137 0.6689453125
425 136 0.6640625
426 136 0.6640625
427 135 0.6591796875
428 134 0.654296875
429 133 0.6494140625
430 132 0.64453125
431 132 0.64453125
432 131 0.6396484375
433 130 0.634765625
434 129 0.6298828125
435 129 0.6298828125
436 128 0.625
437 128 0.625
438 127 0.6201171875
439 126 0.615234375
440 126 0.615234375
441 125 0.6103515625
442 125 0.6103515625
443 124 0.60546875
444 123 0.6005859375
445 123 0.6005859375
446 122 0.595703125
447 122 0.595703125
448 121 0.5908203125
449 120 0.5859375
450 120 0.5859375
451 119 0.5810546875
452 119 0.5810546875
453 118 0.576171875
454 118 0.576171875
455 117 0.5712890625
456 117 0.5712890625
457 116 0.56640625
458 116 0.56640625
459 115 0.5615234375
460 115 0.5615234375
461 114 0.556640625
462 114 0.556640625
463 113 0.5517578125
464 113 0.5517578125
465 112 0.546875
466 112 0.546875
467 111 0.5419921875
468 111 0.5419921875
469 111 0.5419921875
470 110 0.537109375
471 110 0.537109375
472 109 0.5322265625
473 109 0.5322265625
474 109 0.5322265625
475 108 0.52734375
476 108 0.52734375
477 107 0.5224609375
478 107 0.5224609375
479 107 0.5224609375
480 106 0.517578125
481 106 0.517578125
482 106 0.517578125
483 105 0.5126953125
484 105 0.5126953125
485 105 0.5126953125
486 104 0.5078125
487 104 0.5078125
488 104 0.5078125
489 103 0.5029296875
490 103 0.5029296875
491 103 0.5029296875
492 102 0.498046875
493 102 0.498046875
494 102 0.498046875
495 101 0.4931640625
496 101 0.4931640625
497 101 0.4931640625
498 100 0.48828125
499 100 0.48828125
500 100 0.48828125
501 100 0.48828125
502 99 0.4833984375
503 99 0.4833984375
504 99 0.4833984375
505 98 0.478515625
506 98 0.478515625
507 98 0.478515625
508 98 0.478515625
509 98 0.478515625
510 97 0.4736328125
511 97 0.4736328125
512 97 0.4736328125
513 96 0.46875
514 96 0.46875
515 96 0.46875
516 96 0.46875
517 95 0.4638671875
518 95 0.4638671875
519 95 0.4638671875
520 94 0.458984375
521 94 0.458984375
522 94 0.458984375
523 94 0.458984375
524 94 0.458984375
525 93 0.4541015625
526 93 0.4541015625
527 93 0.4541015625
528 93 0.4541015625
529 92 0.44921875
530 92 0.44921875
531 92 0.44921875
532 92 0.44921875
533 92 0.44921875
534 91 0.4443359375
535 91 0.4443359375
536 91 0.4443359375
537 91 0.4443359375
538 90 0.439453125
539 90 0.439453125
540 90 0.439453125
541 90 0.439453125
542 90 0.439453125
543 89 0.4345703125
544 89 0.4345703125
545 89 0.4345703125
546 89 0.4345703125
547 89 0.4345703125
548 88 0.4296875
549 88 0.4296875
550 88 0.4296875
551 88 0.4296875
552 88 0.4296875
553 87 0.4248046875
554 87 0.4248046875
555 87 0.4248046875
556 87 0.4248046875
557 87 0.4248046875
558 86 0.419921875
559 86 0.419921875
560 86 0.419921875
561 86 0.419921875
562 86 0.419921875
563 85 0.4150390625
564 85 0.4150390625
565 85 0.4150390625
566 85 0.4150390625
567 85 0.4150390625
568 84 0.41015625
569 84 0.41015625
570 84 0.41015625
571 84 0.41015625
572 84 0.41015625
573 84 0.41015625
574 83 0.4052734375
575 83 0.4052734375
576 83 0.4052734375
577 83 0.4052734375
578 83 0.4052734375
579 82 0.400390625
580 82 0.400390625
581 82 0.400390625
582 82 0.400390625
583 82 0.400390625
584 81 0.3955078125
585 81 0.3955078125
586 81 0.3955078125
587 81 0.3955078125
588 81 0.3955078125
589 81 0.3955078125
590 81 0.3955078125
591 80 0.390625
592 80 0.390625
593 80 0.390625
594 80 0.390625
595 80 0.390625
596 80 0.390625
597 80 0.390625
598 80 0.390625
599 80 0.390625
600 79 0.3857421875
601 79 0.3857421875
602 79 0.3857421875
603 79 0.3857421875
604 79 0.3857421875
605 79 0.3857421875
606 79 0.3857421875
607 79 0.3857421875
608 79 0.3857421875
609 78 0.380859375
610 78 0.380859375
611 78 0.380859375
612 78 0.380859375
613 78 0.380859375
614 78 0.380859375
615 78 0.380859375
616 77 0.3759765625
617 77 0.3759765625
618 77 0.3759765625
619 77 0.3759765625
620 77 0.3759765625
621 77 0.3759765625
622 77 0.3759765625
623 77 0.3759765625
624 77 0.3759765625
625 77 0.3759765625
626 77 0.3759765625
627 76 0.37109375
628 76 0.37109375
629 76 0.37109375
630 76 0.37109375
631 76 0.37109375
632 76 0.37109375
633 76 0.37109375
634 76 0.37109375
635 76 0.37109375
636 75 0.3662109375
637 75 0.3662109375
638 75 0.3662109375
639 75 0.3662109375
640 75 0.3662109375
641 75 0.3662109375
642 75 0.3662109375
643 74 0.361328125
644 75 0.3662109375
645 75 0.3662109375
646 74 0.361328125
647 74 0.361328125
648 74 0.361328125
649 74 0.361328125
650 74 0.361328125
651 74 0.361328125
652 74 0.361328125
653 74 0.361328125
654 74 0.361328125
655 73 0.3564453125
656 73 0.3564453125
657 73 0.3564453125
658 73 0.3564453125
659 73 0.3564453125
660 73 0.3564453125
661 73 0.3564453125
662 73 0.3564453125
663 73 0.3564453125
664 72 0.3515625
665 72 0.3515625
666 72 0.3515625
667 72 0.3515625
668 72 0.3515625
669 72 0.3515625
670 72 0.3515625
671 72 0.3515625
672 72 0.3515625
673 72 0.3515625
674 72 0.3515625
675 72 0.3515625
676 72 0.3515625
677 71 0.3466796875
678 71 0.3466796875
679 71 0.3466796875
680 71 0.3466796875
681 71 0.3466796875
682 71 0.3466796875
683 71 0.3466796875
684 71 0.3466796875
685 71 0.3466796875
686 71 0.3466796875
687 71 0.3466796875
688 70 0.341796875
689 70 0.341796875
690 70 0.341796875
691 70 0.341796875
692 70 0.341796875
693 70 0.341796875
694 70 0.341796875
695 70 0.341796875
696 70 0.341796875
697 70 0.341796875
698 70 0.341796875
699 70 0.341796875
700 70 0.341796875
701 70 0.341796875
702 70 0.341796875
703 69 0.3369140625
704 69 0.3369140625
705 69 0.3369140625
706 69 0.3369140625
707 69 0.3369140625
708 69 0.3369140625
709 69 0.3369140625
710 69 0.3369140625
711 69 0.3369140625
712 69 0.3369140625
713 69 0.3369140625
714 69 0.3369140625
715 69 0.3369140625
716 68 0.33203125
717 68 0.33203125
718 69 0.3369140625
719 69 0.3369140625
720 69 0.3369140625
721 76 0.37109375
722 79 0.3857421875
723 79 0.3857421875
724 81 0.3955078125
725 83 0.4052734375
726 83 0.4052734375
727 83 0.4052734375
728 83 0.4052734375
729 83 0.4052734375
730 81 0.3955078125
731 80 0.390625
732 79 0.3857421875
733 78 0.380859375
734 77 0.3759765625
735 77 0.3759765625
736 76 0.37109375
737 75 0.3662109375
738 75 0.3662109375
739 74 0.361328125
740 74 0.361328125
741 73 0.3564453125
742 73 0.3564453125
743 72 0.3515625
744 72 0.3515625
745 72 0.3515625
746 71 0.3466796875
747 71 0.3466796875
748 71 0.3466796875
749 70 0.341796875
750 70 0.341796875
751 70 0.341796875
752 70 0.341796875
753 69 0.3369140625
754 69 0.3369140625
755 69 0.3369140625
756 69 0.3369140625
757 68 0.33203125
758 68 0.33203125
759 68 0.33203125
760 67 0.3271484375
761 67 0.3271484375
762 67 0.3271484375
763 67 0.3271484375
764 67 0.3271484375
765 66 0.322265625
766 66 0.322265625
767 66 0.322265625
768 66 0.322265625
769 66 0.322265625
770 66 0.322265625
771 66 0.322265625
772 66 0.322265625
773 66 0.322265625
774 65 0.3173828125
775 65 0.3173828125
776 65 0.3173828125
777 65 0.3173828125
778 65 0.3173828125
779 65 0.3173828125
780 65 0.3173828125
781 65 0.3173828125
782 65 0.3173828125
783 65 0.3173828125
784 64 0.3125
785 64 0.3125
786 64 0.3125
787 64 0.3125
788 64 0.3125
789 64 0.3125
790 64 0.3125
791 64 0.3125
792 64 0.3125
793 64 0.3125
794 64 0.3125
795 64 0.3125
796 64 0.3125
797 64 0.3125
798 64 0.3125
799 63 0.3076171875
800 63 0.3076171875
801 63 0.3076171875
802 63 0.3076171875
803 63 0.3076171875
804 63 0.3076171875
805 63 0.3076171875
806 63 0.3076171875
807 63 0.3076171875
808 63 0.3076171875
809 63 0.3076171875
810 63 0.3076171875
811 63 0.3076171875
812 63 0.3076171875
813 62 0.302734375
814 62 0.302734375
815 62 0.302734375
816 62 0.302734375
817 62 0.302734375
818 62 0.302734375
819 62 0.302734375
820 62 0.302734375
821 62 0.302734375
822 62 0.302734375
823 62 0.302734375
824 62 0.302734375
825 62 0.302734375
826 62 0.302734375
827 62 0.302734375
828 62 0.302734375
829 62 0.302734375
830 62 0.302734375
831 62 0.302734375
832 61 0.2978515625
833 61 0.2978515625
834 61 0.2978515625
835 61 0.2978515625
836 61 0.2978515625
837 62 0.302734375
838 61 0.2978515625
839 61 0.2978515625
840 61 0.2978515625
841 61 0.2978515625
842 61 0.2978515625
843 61 0.2978515625
844 61 0.2978515625
845 61 0.2978515625
846 61 0.2978515625
847 61 0.2978515625
848 61 0.2978515625
849 61 0.2978515625
850 60 0.29296875
851 60 0.29296875
852 60 0.29296875
853 60 0.29296875
854 60 0.29296875
855 60 0.29296875
856 60 0.29296875
857 60 0.29296875
858 60 0.29296875
859 60 0.29296875
860 60 0.29296875
861 60 0.29296875
862 60 0.29296875
863 60 0.29296875
864 60 0.29296875
865 60 0.29296875
866 60 0.29296875
867 60 0.29296875
868 60 0.29296875
869 60 0.29296875
870 60 0.29296875
871 60 0.29296875
872 60 0.29296875
873 60 0.29296875
874 60 0.29296875
875 60 0.29296875
876 60 0.29296875
877 60 0.29296875
878 63 0.3076171875
879 65 0.3173828125
880 69 0.3369140625
881 74 0.361328125
882 76 0.37109375
883 77 0.3759765625
884 77 0.3759765625
885 78 0.380859375
886 78 0.380859375
887 79 0.3857421875
888 81 0.3955078125
889 80 0.390625
890 80 0.390625
891 78 0.380859375
892 78 0.380859375
893 77 0.3759765625
894 76 0.37109375
895 76 0.37109375
896 75 0.3662109375
897 74 0.361328125
898 74 0.361328125
899 73 0.3564453125
900 72 0.3515625
901 71 0.3466796875
902 71 0.3466796875
903 70 0.341796875
904 70 0.341796875
905 69 0.3369140625
906 68 0.33203125
907 68 0.33203125
908 67 0.3271484375
909 67 0.3271484375
910 67 0.3271484375
911 66 0.322265625
912 66 0.322265625
913 65 0.3173828125
914 65 0.3173828125
915 65 0.3173828125
916 64 0.3125
917 64 0.3125
918 64 0.3125
919 63 0.3076171875
920 63 0.3076171875
921 63 0.3076171875
922 62 0.302734375
923 62 0.302734375
924 62 0.302734375
925 62 0.302734375
926 61 0.2978515625
927 61 0.2978515625
928 61 0.2978515625
929 61 0.2978515625
930 60 0.29296875
931 60 0.29296875
932 60 0.29296875
933 60 0.29296875
934 60 0.29296875
935 60 0.29296875
936 60 0.29296875
937 59 0.2880859375
938 59 0.2880859375
939 59 0.2880859375
940 59 0.2880859375
941 59 0.2880859375
942 59 0.2880859375
943 59 0.2880859375
944 59 0.2880859375
945 59 0.2880859375
946 58 0.283203125
947 58 0.283203125
948 58 0.283203125
949 58 0.283203125
950 58 0.283203125
951 58 0.283203125
952 58 0.283203125
953 58 0.283203125
954 58 0.283203125
955 58 0.283203125
956 58 0.283203125
957 58 0.283203125
958 58 0.283203125
959 57 0.2783203125
960 57 0.2783203125
961 57 0.2783203125
962 57 0.2783203125
963 57 0.2783203125
964 57 0.2783203125
965 57 0.2783203125
966 57 0.2783203125
967 57 0.2783203125
968 57 0.2783203125
969 57 0.2783203125
970 57 0.2783203125
971 57 0.2783203125
972 57 0.2783203125
973 57 0.2783203125
974 56 0.2734375
975 56 0.2734375
976 56 0.2734375
977 56 0.2734375
978 56 0.2734375
979 56 0.2734375
980 56 0.2734375
981 56 0.2734375
982 56 0.2734375
983 56 0.2734375
984 56 0.2734375
985 56 0.2734375
986 56 0.2734375
987 56 0.2734375
988 56 0.2734375
989 56 0.2734375
990 56 0.2734375
991 55 0.2685546875
992 55 0.2685546875
993 55 0.2685546875
994 55 0.2685546875
995 55 0.2685546875
996 55 0.2685546875
997 55 0.2685546875
998 55 0.2685546875
999 55 0.2685546875
1000 55 0.2685546875
1001 55 0.2685546875
1002 55 0.2685546875
1003 55 0.2685546875
1004 55 0.2685546875
1005 55 0.2685546875
1006 55 0.2685546875
1007 55 0.2685546875
1008 55 0.2685546875
1009 55 0.2685546875
1010 55 0.2685546875
1011 55 0.2685546875
1012 55 0.2685546875
1013 55 0.2685546875
1014 54 0.263671875
1015 54 0.263671875
1016 54 0.263671875
1017 54 0.263671875
1018 54 0.263671875
1019 54 0.263671875
1020 54 0.263671875
1021 54 0.263671875
1022 54 0.263671875
1023 54 0.263671875
1024 54 0.263671875
1025 54 0.263671875
1026 54 0.263671875
1027 54 0.263671875
1028 54 0.263671875
1029 54 0.263671875
1030 54 0.263671875
1031 54 0.263671875
1032 54 0.263671875
1033 54 0.263671875
1034 54 0.263671875
1035 54 0.263671875
1036 54 0.263671875
1037 54 0.263671875
1038 54 0.263671875
1039 54 0.263671875
1040 54 0.263671875
1041 54 0.263671875
1042 54 0.263671875
1043 54 0.263671875
1044 54 0.263671875
1045 53 0.2587890625
1046 54 0.263671875
1047 54 0.263671875
1048 53 0.2587890625
1049 53 0.2587890625
1050 53 0.2587890625
1051 53 0.2587890625
1052 53 0.2587890625
1053 53 0.2587890625
1054 53 0.2587890625
1055 53 0.2587890625
1056 53 0.2587890625
1057 53 0.2587890625
1058 53 0.2587890625
1059 53 0.2587890625
1060 53 0.2587890625
1061 53 0.2587890625
1062 53 0.2587890625
1063 53 0.2587890625
1064 53 0.2587890625
1065 53 0.2587890625
1066 53 0.2587890625
1067 53 0.2587890625
1068 53 0.2587890625
1069 53 0.2587890625
1070 53 0.2587890625
1071 53 0.2587890625
1072 53 0.2587890625
1073 53 0.2587890625
1074 53 0.2587890625
1075 53 0.2587890625
1076 53 0.2587890625
1077 53 0.2587890625
1078 53 0.2587890625
1079 53 0.2587890625
1080 53 0.2587890625
1081 53 0.2587890625
1082 53 0.2587890625
1083 53 0.2587890625
1084 53 0.2587890625
1085 53 0.2587890625
1086 53 0.2587890625
1087 52 0.25390625
1088 52 0.25390625
1089 52 0.25390625
1090 52 0.25390625
1091 52 0.25390625
1092 52 0.25390625
1093 52 0.25390625
1094 52 0.25390625
1095 52 0.25390625
1096 52 0.25390625
1097 52 0.25390625
1098 52 0.25390625
1099 52 0.25390625
1100 52 0.25390625
1101 52 0.25390625
1102 52 0.25390625
1103 52 0.25390625
1104 52 0.25390625
1105 52 0.25390625
1106 52 0.25390625
1107 52 0.25390625
1108 52 0.25390625
1109 52 0.25390625
1110 52 0.25390625
1111 52 0.25390625
1112 52 0.25390625
1113 52 0.25390625
1114 52 0.25390625
1115 52 0.25390625
1116 52 0.25390625
1117 52 0.25390625
1118 52 0.25390625
1119 52 0.25390625
1120 52 0.25390625
1121 52 0.25390625
1122 52 0.25390625
1123 52 0.25390625
1124 52 0.25390625
1125 52 0.25390625
1126 52 0.25390625
1127 52 0.25390625
1128 52 0.25390625
1129 52 0.25390625
1130 52 0.25390625
1131 52 0.25390625
1132 51 0.2490234375
1133 51 0.2490234375
1134 51 0.2490234375
1135 51 0.2490234375
1136 51 0.2490234375
1137 51 0.2490234375
1138 51 0.2490234375
1139 51 0.2490234375
1140 51 0.2490234375
1141 51 0.2490234375
1142 51 0.2490234375
1143 51 0.2490234375
1144 51 0.2490234375
1145 51 0.2490234375
1146 51 0.2490234375
1147 51 0.2490234375
1148 51 0.2490234375
1149 51 0.2490234375
1150 51 0.2490234375
1151 51 0.2490234375
1152 51 0.2490234375
1153 51 0.2490234375
1154 51 0.2490234375
1155 51 0.2490234375
1156 51 0.2490234375
1157 51 0.2490234375
1158 51 0.2490234375
1159 51 0.2490234375
1160 51 0.2490234375
1161 51 0.2490234375
1162 51 0.2490234375
1163 51 0.2490234375
1164 51 0.2490234375
1165 51 0.2490234375
1166 51 0.2490234375
1167 51 0.2490234375
1168 51 0.2490234375
1169 51 0.2490234375
1170 51 0.2490234375
1171 51 0.2490234375
1172 51 0.2490234375
1173 51 0.2490234375
1174 51 0.2490234375
1175 51 0.2490234375
1176 51 0.2490234375
1177 51 0.2490234375
1178 50 0.244140625
1179 51 0.2490234375
1180 51 0.2490234375
1181 50 0.244140625
1182 51 0.2490234375
1183 50 0.244140625
1184 50 0.244140625
1185 50 0.244140625
1186 50 0.244140625
1187 50 0.244140625
1188 50 0.244140625
1189 50 0.244140625
1190 50 0.244140625
1191 50 0.244140625
1192 50 0.244140625
1193 50 0.244140625
1194 50 0.244140625
1195 50 0.244140625
1196 50 0.244140625
1197 50 0.244140625
1198 50 0.244140625
1199 50 0.244140625
1200 50 0.244140625
1201 50 0.244140625
1202 50 0.244140625
1203 50 0.244140625
1204 50 0.244140625
1205 50 0.244140625
1206 50 0.244140625
1207 50 0.244140625
1208 50 0.244140625
1209 50 0.244140625
1210 50 0.244140625
1211 50 0.244140625
1212 50 0.244140625
1213 50 0.244140625
1214 50 0.244140625
1215 50 0.244140625
1216 50 0.244140625
1217 50 0.244140625
1218 50 0.244140625
1219 50 0.244140625
1220 50 0.244140625
1221 50 0.244140625
1222 50 0.244140625
1223 50 0.244140625
1224 50 0.244140625
1225 50 0.244140625
1226 50 0.244140625
1227 50 0.244140625
1228 50 0.244140625
1229 50 0.244140625
1230 50 0.244140625
1231 50 0.244140625
1232 50 0.244140625
1233 50 0.244140625
1234 50 0.244140625
1235 49 0.2392578125
1236 49 0.2392578125
1237 50 0.244140625
1238 49 0.2392578125
1239 49 0.2392578125
1240 49 0.2392578125
1241 49 0.2392578125
1242 49 0.2392578125
1243 49 0.2392578125
1244 49 0.2392578125
1245 49 0.2392578125
1246 49 0.2392578125
1247 49 0.2392578125
1248 49 0.2392578125
1249 49 0.2392578125
1250 49 0.2392578125
1251 49 0.2392578125
1252 49 0.2392578125
1253 49 0.2392578125
1254 49 0.2392578125
1255 49 0.2392578125
1256 49 0.2392578125
1257 49 0.2392578125
1258 49 0.2392578125
1259 49 0.2392578125
1260 49 0.2392578125
1261 49 0.2392578125
1262 49 0.2392578125
1263 49 0.2392578125
1264 49 0.2392578125
1265 49 0.2392578125
1266 49 0.2392578125
1267 49 0.2392578125
1268 49 0.2392578125
1269 49 0.2392578125
1270 49 0.2392578125
1271 49 0.2392578125
1272 49 0.2392578125
1273 49 0.2392578125
1274 49 0.2392578125
1275 49 0.2392578125
1276 49 0.2392578125
1277 49 0.2392578125
1278 49 0.2392578125
1279 49 0.2392578125
1280 49 0.2392578125
1281 49 0.2392578125
1282 49 0.2392578125
1283 49 0.2392578125
1284 49 0.2392578125
1285 49 0.2392578125
1286 49 0.2392578125
1287 49 0.2392578125
1288 49 0.2392578125
1289 49 0.2392578125
1290 48 0.234375
1291 48 0.234375
1292 49 0.2392578125
1293 49 0.2392578125
1294 49 0.2392578125
1295 49 0.2392578125
1296 49 0.2392578125
1297 48 0.234375
1298 48 0.234375
1299 48 0.234375
1300 48 0.234375
1301 48 0.234375
1302 48 0.234375
1303 48 0.234375
1304 48 0.234375
1305 48 0.234375
1306 48 0.234375
1307 48 0.234375
1308 48 0.234375
1309 48 0.234375
1310 48 0.234375
1311 48 0.234375
1312 48 0.234375
1313 48 0.234375
1314 48 0.234375
1315 48 0.234375
1316 48 0.234375
1317 48 0.234375
1318 48 0.234375
1319 48 0.234375
1320 48 0.234375
1321 48 0.234375
1322 48 0.234375
1323 48 0.234375
1324 48 0.234375
1325 48 0.234375
1326 48 0.234375
1327 48 0.234375
1328 48 0.234375
1329 48 0.234375
1330 48 0.234375
1331 48 0.234375
1332 48 0.234375
1333 48 0.234375
1334 48 0.234375
1335 48 0.234375
1336 48 0.234375
1337 48 0.234375
1338 48 0.234375
1339 48 0.234375
1340 48 0.234375
1341 48 0.234375
1342 48 0.234375
1343 48 0.234375
1344 48 0.234375
1345 48 0.234375
1346 48 0.234375
1347 48 0.234375
1348 48 0.234375
1349 48 0.234375
1350 48 0.234375
1351 48 0.234375
1352 48 0.234375
1353 47 0.2294921875
1354 47 0.2294921875
1355 47 0.2294921875
1356 47 0.2294921875
1357 47 0.2294921875
1358 47 0.2294921875
1359 47 0.2294921875
1360 47 0.2294921875
1361 47 0.2294921875
1362 47 0.2294921875
1363 47 0.2294921875
1364 47 0.2294921875
1365 47 0.2294921875
1366 47 0.2294921875
1367 47 0.2294921875
1368 47 0.2294921875
1369 47 0.2294921875
1370 47 0.2294921875
1371 47 0.2294921875
1372 47 0.2294921875
1373 47 0.2294921875
1374 47 0.2294921875
1375 47 0.2294921875
1376 47 0.2294921875
1377 47 0.2294921875
1378 47 0.2294921875
1379 47 0.2294921875
1380 47 0.2294921875
1381 47 0.2294921875
1382 47 0.2294921875
1383 47 0.2294921875
1384 47 0.2294921875
1385 47 0.2294921875
1386 47 0.2294921875
1387 47 0.2294921875
1388 47 0.2294921875
1389 47 0.2294921875
1390 47 0.2294921875
1391 47 0.2294921875
1392 47 0.2294921875
1393 47 0.2294921875
1394 47 0.2294921875
1395 47 0.2294921875
1396 47 0.2294921875
1397 47 0.2294921875
1398 47 0.2294921875
1399 47 0.2294921875
1400 47 0.2294921875
1401 47 0.2294921875
1402 47 0.2294921875
1403 47 0.2294921875
1404 47 0.2294921875
1405 47 0.2294921875
1406 47 0.2294921875
1407 47 0.2294921875
1408 47 0.2294921875
1409 47 0.2294921875
1410 47 0.2294921875
1411 47 0.2294921875
1412 47 0.2294921875
1413 47 0.2294921875
1414 47 0.2294921875
1415 46 0.224609375
1416 47 0.2294921875
1417 47 0.2294921875
1418 47 0.2294921875
1419 47 0.2294921875
1420 47 0.2294921875
1421 47 0.2294921875
1422 46 0.224609375
1423 46 0.224609375
1424 46 0.224609375
1425 47 0.2294921875
1426 46 0.224609375
1427 46 0.224609375
1428 46 0.224609375
1429 46 0.224609375
1430 46 0.224609375
1431 46 0.224609375
1432 46 0.224609375
1433 46 0.224609375
1434 46 0.224609375
1435 46 0.224609375
1436 46 0.224609375
1437 46 0.224609375
1438 46 0.224609375
1439 46 0.224609375
1440 46 0.224609375
1441 46 0.224609375
1442 46 0.224609375
1443 46 0.224609375
1444 46 0.224609375
1445 46 0.224609375
1446 46 0.224609375
1447 46 0.224609375
1448 46 0.224609375
1449 46 0.224609375
1450 46 0.224609375
1451 46 0.224609375
1452 46 0.224609375
1453 46 0.224609375
1454 46 0.224609375
1455 46 0.224609375
1456 46 0.224609375
1457 46 0.224609375
1458 46 0.224609375
1459 46 0.224609375
1460 46 0.224609375
1461 46 0.224609375
1462 46 0.224609375
1463 46 0.224609375
1464 46 0.224609375
1465 46 0.224609375
1466 46 0.224609375
1467 46 0.224609375
1468 46 0.224609375
1469 46 0.224609375
1470 46 0.224609375
1471 46 0.224609375
1472 46 0.224609375
1473 46 0.224609375
1474 46 0.224609375
1475 46 0.224609375
1476 46 0.224609375
1477 46 0.224609375
1478 46 0.224609375
1479 46 0.224609375
1480 46 0.224609375
1481 46 0.224609375
1482 46 0.224609375
1483 46 0.224609375
1484 46 0.224609375
1485 46 0.224609375
1486 46 0.224609375
1487 46 0.224609375
1488 46 0.224609375
1489 46 0.224609375
1490 46 0.224609375
1491 46 0.224609375
1492 46 0.224609375
1493 45 0.2197265625
1494 46 0.224609375
1495 46 0.224609375
1496 45 0.2197265625
1497 45 0.2197265625
1498 45 0.2197265625
1499 45 0.2197265625
1500 45 0.2197265625
1501 45 0.2197265625
1502 45 0.2197265625
1503 45 0.2197265625
1504 45 0.2197265625
1505 45 0.2197265625
1506 45 0.2197265625
1507 45 0.2197265625
1508 45 0.2197265625
1509 45 0.2197265625
1510 45 0.2197265625
1511 45 0.2197265625
1512 45 0.2197265625
1513 45 0.2197265625
1514 45 0.2197265625
1515 45 0.2197265625
1516 45 0.2197265625
1517 45 0.2197265625
1518 45 0.2197265625
1519 45 0.2197265625
1520 45 0.2197265625
1521 45 0.2197265625
1522 45 0.2197265625
1523 45 0.2197265625
1524 45 0.2197265625
1525 45 0.2197265625
1526 45 0.2197265625
1527 45 0.2197265625
1528 45 0.2197265625
1529 45 0.2197265625
1530 45 0.2197265625
1531 45 0.2197265625
1532 45 0.2197265625
1533 45 0.2197265625
1534 45 0.2197265625
1535 45 0.2197265625
1536 45 0.2197265625
1537 45 0.2197265625
1538 45 0.2197265625
1539 45 0.2197265625
1540 45 0.2197265625
1541 45 0.2197265625
1542 45 0.2197265625
1543 45 0.2197265625
1544 45 0.2197265625
1545 45 0.2197265625
1546 45 0.2197265625
1547 45 0.2197265625
1548 45 0.2197265625
1549 45 0.2197265625
1550 45 0.2197265625
1551 45 0.2197265625
1552 45 0.2197265625
1553 45 0.2197265625
1554 45 0.2197265625
1555 45 0.2197265625
1556 45 0.2197265625
1557 45 0.2197265625
1558 45 0.2197265625
1559 45 0.2197265625
1560 45 0.2197265625
1561 45 0.2197265625
1562 45 0.2197265625
1563 45 0.2197265625
1564 44 0.21484375
1565 45 0.2197265625
1566 45 0.2197265625
1567 44 0.21484375
1568 45 0.2197265625
1569 44 0.21484375
1570 45 0.2197265625
1571 45 0.2197265625
1572 44 0.21484375
1573 44 0.21484375
1574 44 0.21484375
1575 44 0.21484375
1576 44 0.21484375
1577 44 0.21484375
1578 44 0.21484375
1579 44 0.21484375
1580 44 0.21484375
1581 44 0.21484375
1582 44 0.21484375
1583 44 0.21484375
1584 44 0.21484375
1585 44 0.21484375
1586 44 0.21484375
1587 44 0.21484375
1588 44 0.21484375
1589 44 0.21484375
1590 44 0.21484375
1591 44 0.21484375
1592 44 0.21484375
1593 44 0.21484375
1594 44 0.21484375
1595 44 0.21484375
1596 44 0.21484375
1597 44 0.21484375
1598 44 0.21484375
1599 44 0.21484375
1600 44 0.21484375
1601 44 0.21484375
1602 44 0.21484375
1603 44 0.21484375
1604 44 0.21484375
1605 44 0.21484375
1606 44 0.21484375
1607 44 0.21484375
1608 44 0.21484375
1609 44 0.21484375
1610 44 0.21484375
1611 44 0.21484375
1612 44 0.21484375
1613 44 0.21484375
1614 44 0.21484375
1615 44 0.21484375
1616 44 0.21484375
1617 44 0.21484375
1618 44 0.21484375
1619 44 0.21484375
1620 44 0.21484375
1621 44 0.21484375
1622 44 0.21484375
1623 44 0.21484375
1624 44 0.21484375
1625 44 0.21484375
1626 44 0.21484375
1627 44 0.21484375
1628 44 0.21484375
1629 44 0.21484375
1630 44 0.21484375
1631 44 0.21484375
1632 44 0.21484375
1633 44 0.21484375
1634 44 0.21484375
1635 44 0.21484375
1636 44 0.21484375
1637 44 0.21484375
1638 44 0.21484375
1639 44 0.21484375
1640 44 0.21484375
1641 44 0.21484375
1642 44 0.21484375
1643 44 0.21484375
1644 44 0.21484375
1645 44 0.21484375
1646 44 0.21484375
1647 44 0.21484375
1648 44 0.21484375
1649 44 0.21484375
1650 44 0.21484375
1651 44 0.21484375
1652 44 0.21484375
1653 44 0.21484375
1654 44 0.21484375
1655 44 0.21484375
1656 44 0.21484375
1657 44 0.21484375
1658 44 0.21484375
1659 44 0.21484375
1660 44 0.21484375
1661 44 0.21484375
1662 44 0.21484375
1663 44 0.21484375
1664 44 0.21484375
1665 44 0.21484375
1666 44 0.21484375
1667 44 0.21484375
1668 44 0.21484375
1669 44 0.21484375
1670 44 0.21484375
1671 44 0.21484375
1672 44 0.21484375
1673 44 0.21484375
1674 44 0.21484375
1675 43 0.2099609375
1676 44 0.21484375
1677 44 0.21484375
1678 43 0.2099609375
1679 43 0.2099609375
1680 44 0.21484375
1681 44 0.21484375
1682 43 0.2099609375
1683 43 0.2099609375
1684 43 0.2099609375
1685 43 0.2099609375
1686 43 0.2099609375
1687 43 0.2099609375
1688 43 0.2099609375
1689 43 0.2099609375
1690 43 0.2099609375
1691 43 0.2099609375
1692 43 0.2099609375
1693 43 0.2099609375
1694 43 0.2099609375
1695 43 0.2099609375
1696 43 0.2099609375
1697 43 0.2099609375
1698 43 0.2099609375
1699 43 0.2099609375
1700 43 0.2099609375
1701 43 0.2099609375
1702 43 0.2099609375
1703 43 0.2099609375
1704 43 0.2099609375
1705 43 0.2099609375
1706 43 0.2099609375
1707 43 0.2099609375
1708 43 0.2099609375
1709 43 0.2099609375
1710 43 0.2099609375
1711 43 0.2099609375
1712 43 0.2099609375
1713 43 0.2099609375
1714 43 0.2099609375
1715 43 0.2099609375
1716 43 0.2099609375
1717 43 0.2099609375
1718 43 0.2099609375
1719 43 0.2099609375
1720 43 0.2099609375
1721 43 0.2099609375
1722 43 0.2099609375
1723 43 0.2099609375
1724 43 0.2099609375
1725 43 0.2099609375
1726 43 0.2099609375
1727 43 0.2099609375
1728 43 0.2099609375
1729 43 0.2099609375
1730 43 0.2099609375
1731 43 0.2099609375
1732 43 0.2099609375
1733 43 0.2099609375
1734 43 0.2099609375
1735 43 0.2099609375
1736 43 0.2099609375
1737 43 0.2099609375
1738 43 0.2099609375
1739 43 0.2099609375
1740 43 0.2099609375
1741 43 0.2099609375
1742 43 0.2099609375
1743 43 0.2099609375
1744 43 0.2099609375
1745 43 0.2099609375
1746 43 0.2099609375
1747 43 0.2099609375
1748 43 0.2099609375
1749 43 0.2099609375
1750 43 0.2099609375
1751 43 0.2099609375
1752 43 0.2099609375
1753 43 0.2099609375
1754 43 0.2099609375
1755 43 0.2099609375
1756 43 0.2099609375
1757 43 0.2099609375
1758 43 0.2099609375
1759 43 0.2099609375
1760 43 0.2099609375
1761 43 0.2099609375
1762 43 0.2099609375
1763 43 0.2099609375
1764 43 0.2099609375
1765 43 0.2099609375
1766 43 0.2099609375
1767 43 0.2099609375
1768 43 0.2099609375
1769 43 0.2099609375
1770 43 0.2099609375
1771 43 0.2099609375
1772 43 0.2099609375
1773 43 0.2099609375
1774 43 0.2099609375
1775 43 0.2099609375
1776 43 0.2099609375
1777 43 0.2099609375
1778 43 0.2099609375
1779 43 0.2099609375
1780 43 0.2099609375
1781 43 0.2099609375
1782 43 0.2099609375
1783 43 0.2099609375
1784 43 0.2099609375
1785 43 0.2099609375
1786 43 0.2099609375
1787 43 0.2099609375
1788 43 0.2099609375
1789 43 0.2099609375
1790 43 0.2099609375
1791 42 0.205078125
1792 43 0.2099609375
1793 43 0.2099609375
1794 43 0.2099609375
1795 43 0.2099609375
1796 42 0.205078125
1797 43 0.2099609375
1798 42 0.205078125
1799 43 0.2099609375
1800 43 0.2099609375
1801 42 0.205078125
1802 42 0.205078125
1803 42 0.205078125
1804 42 0.205078125
1805 42 0.205078125
1806 42 0.205078125
1807 42 0.205078125
1808 42 0.205078125
1809 42 0.205078125
1810 42 0.205078125
1811 42 0.205078125
1812 42 0.205078125
1813 42 0.205078125
1814 42 0.205078125
1815 42 0.205078125
1816 42 0.205078125
1817 42 0.205078125
1818 42 0.205078125
1819 42 0.205078125
1820 42 0.205078125
1821 42 0.205078125
1822 42 0.205078125
1823 42 0.205078125
1824 42 0.205078125
1825 42 0.205078125
1826 42 0.205078125
1827 42 0.205078125
1828 42 0.205078125
1829 42 0.205078125
1830 42 0.205078125
1831 42 0.205078125
1832 42 0.205078125
1833 42 0.205078125
1834 42 0.205078125
1835 42 0.205078125
1836 42 0.205078125
1837 42 0.205078125
1838 42 0.205078125
1839 42 0.205078125
1840 42 0.205078125
1841 42 0.205078125
1842 42 0.205078125
1843 42 0.205078125
1844 42 0.205078125
1845 42 0.205078125
1846 42 0.205078125
1847 42 0.205078125
1848 42 0.205078125
1849 42 0.205078125
1850 42 0.205078125
1851 42 0.205078125
1852 42 0.205078125
1853 42 0.205078125
1854 42 0.205078125
1855 42 0.205078125
1856 42 0.205078125
1857 42 0.205078125
1858 42 0.205078125
1859 42 0.205078125
1860 42 0.205078125
1861 42 0.205078125
1862 42 0.205078125
1863 42 0.205078125
1864 42 0.205078125
1865 42 0.205078125
1866 42 0.205078125
1867 42 0.205078125
1868 42 0.205078125
1869 42 0.205078125
1870 42 0.205078125
1871 42 0.205078125
1872 42 0.205078125
1873 42 0.205078125
1874 42 0.205078125
1875 42 0.205078125
1876 42 0.205078125
1877 42 0.205078125
1878 42 0.205078125
1879 42 0.205078125
1880 42 0.205078125
1881 42 0.205078125
1882 42 0.205078125
1883 42 0.205078125
1884 42 0.205078125
1885 42 0.205078125
1886 42 0.205078125
1887 42 0.205078125
1888 42 0.205078125
1889 42 0.205078125
1890 42 0.205078125
1891 42 0.205078125
1892 42 0.205078125
1893 42 0.205078125
1894 42 0.205078125
1895 42 0.205078125
1896 42 0.205078125
1897 42 0.205078125
1898 42 0.205078125
1899 42 0.205078125
1900 42 0.205078125
1901 42 0.205078125
1902 42 0.205078125
1903 42 0.205078125
1904 42 0.205078125
1905 42 0.205078125
1906 42 0.205078125
1907 42 0.205078125
1908 42 0.205078125
1909 42 0.205078125
1910 42 0.205078125
1911 42 0.205078125
1912 42 0.205078125
1913 42 0.205078125
1914 42 0.205078125
1915 42 0.205078125
1916 42 0.205078125
1917 42 0.205078125
1918 42 0.205078125
1919 42 0.205078125
1920 41 0.2001953125
1921 42 0.205078125
1922 42 0.205078125
1923 42 0.205078125
1924 41 0.2001953125
1925 41 0.2001953125
1926 42 0.205078125
1927 41 0.2001953125
1928 41 0.2001953125
1929 42 0.205078125
1930 42 0.205078125
1931 41 0.2001953125
1932 41 0.2001953125
1933 41 0.2001953125
1934 41 0.2001953125
1935 41 0.2001953125
1936 41 0.2001953125
1937 41 0.2001953125
1938 41 0.2001953125
1939 41 0.2001953125
1940 41 0.2001953125
1941 41 0.2001953125
1942 41 0.2001953125
1943 41 0.2001953125
1944 41 0.2001953125
1945 41 0.2001953125
1946 41 0.2001953125
1947 41 0.2001953125
1948 41 0.2001953125
1949 41 0.2001953125
1950 41 0.2001953125
1951 41 0.2001953125
1952 41 0.2001953125
1953 41 0.2001953125
1954 41 0.2001953125
1955 41 0.2001953125
1956 41 0.2001953125
1957 41 0.2001953125
1958 41 0.2001953125
1959 41 0.2001953125
1960 41 0.2001953125
1961 41 0.2001953125
1962 41 0.2001953125
1963 41 0.2001953125
1964 41 0.2001953125
1965 41 0.2001953125
1966 41 0.2001953125
1967 41 0.2001953125
1968 41 0.2001953125
1969 41 0.2001953125
1970 41 0.2001953125
1971 41 0.2001953125
1972 41 0.2001953125
1973 41 0.2001953125
1974 41 0.2001953125
1975 41 0.2001953125
1976 41 0.2001953125
1977 41 0.2001953125
1978 41 0.2001953125
1979 41 0.2001953125
1980 41 0.2001953125
1981 41 0.2001953125
1982 41 0.2001953125
1983 41 0.2001953125
1984 41 0.2001953125
1985 41 0.2001953125
1986 41 0.2001953125
1987 41 0.2001953125
1988 41 0.2001953125
1989 41 0.2001953125
1990 41 0.2001953125
1991 41 0.2001953125
1992 41 0.2001953125
1993 41 0.2001953125
1994 41 0.2001953125
1995 41 0.2001953125
1996 41 0.2001953125
1997 41 0.2001953125
1998 41 0.2001953125
1999 41 0.2001953125
2000 41 0.2001953125
2001 41 0.2001953125
2002 41 0.2001953125
2003 41 0.2001953125
2004 41 0.2001953125
2005 41 0.2001953125
2006 41 0.2001953125
2007 41 0.2001953125
2008 41 0.2001953125
2009 41 0.2001953125
2010 41 0.2001953125
2011 41 0.2001953125
2012 41 0.2001953125
2013 41 0.2001953125
2014 41 0.2001953125
2015 41 0.2001953125
2016 41 0.2001953125
2017 41 0.2001953125
2018 41 0.2001953125
2019 41 0.2001953125
2020 41 0.2001953125
2021 41 0.2001953125
2022 41 0.2001953125
2023 41 0.2001953125
2024 41 0.2001953125
2025 41 0.2001953125
2026 41 0.2001953125
2027 41 0.2001953125
2028 41 0.2001953125
2029 41 0.2001953125
2030 41 0.2001953125
2031 41 0.2001953125
2032 41 0.2001953125
2033 41 0.2001953125
2034 41 0.2001953125
2035 41 0.2001953125
2036 41 0.2001953125
2037 41 0.2001953125
2038 41 0.2001953125
2039 41 0.2001953125
2040 41 0.2001953125
2041 41 0.2001953125
2042 41 0.2001953125
2043 41 0.2001953125
2044 41 0.2001953125
2045 41 0.2001953125
2046 41 0.2001953125
2047 41 0.2001953125
2048 41 0.2001953125
2049 41 0.2001953125
2050 41 0.2001953125
2051 41 0.2001953125
2052 41 0.2001953125
2053 41 0.2001953125
2054 41 0.2001953125
2055 41 0.2001953125
2056 41 0.2001953125
2057 41 0.2001953125
2058 41 0.2001953125
2059 41 0.2001953125
2060 41 0.2001953125
2061 41 0.2001953125
2062 41 0.2001953125
2063 41 0.2001953125
2064 40 0.1953125
2065 41 0.2001953125
2066 41 0.2001953125
2067 41 0.2001953125
2068 41 0.2001953125
2069 41 0.2001953125
2070 40 0.1953125
2071 41 0.2001953125
2072 41 0.2001953125
2073 41 0.2001953125
2074 40 0.1953125
2075 40 0.1953125
2076 40 0.1953125
2077 40 0.1953125
2078 40 0.1953125
2079 40 0.1953125
2080 41 0.2001953125
2081 41 0.2001953125
2082 40 0.1953125
2083 40 0.1953125
2084 40 0.1953125
2085 40 0.1953125
2086 40 0.1953125
2087 40 0.1953125
2088 40 0.1953125
2089 40 0.1953125
2090 40 0.1953125
2091 40 0.1953125
2092 40 0.1953125
2093 40 0.1953125
2094 40 0.1953125
2095 40 0.1953125
2096 40 0.1953125
2097 40 0.1953125
2098 40 0.1953125
2099 40 0.1953125
2100 40 0.1953125
2101 40 0.1953125
2102 40 0.1953125
2103 40 0.1953125
2104 40 0.1953125
2105 40 0.1953125
2106 40 0.1953125
2107 40 0.1953125
2108 40 0.1953125
2109 40 0.1953125
2110 40 0.1953125
2111 40 0.1953125
2112 40 0.1953125
2113 40 0.1953125
2114 40 0.1953125
2115 40 0.1953125
2116 40 0.1953125
2117 40 0.1953125
2118 40 0.1953125
2119 40 0.1953125
2120 40 0.1953125
2121 40 0.1953125
2122 40 0.1953125
2123 40 0.1953125
2124 40 0.1953125
2125 40 0.1953125
2126 40 0.1953125
2127 40 0.1953125
2128 40 0.1953125
2129 40 0.1953125
2130 40 0.1953125
2131 40 0.1953125
2132 40 0.1953125
2133 40 0.1953125
2134 40 0.1953125
2135 40 0.1953125
2136 40 0.1953125
2137 40 0.1953125
2138 40 0.1953125
2139 40 0.1953125
2140 40 0.1953125
2141 40 0.1953125
2142 40 0.1953125
2143 40 0.1953125
2144 40 0.1953125
2145 40 0.1953125
2146 40 0.1953125
2147 40 0.1953125
2148 40 0.1953125
2149 40 0.1953125
2150 40 0.1953125
2151 40 0.1953125
2152 40 0.1953125
2153 40 0.1953125
2154 40 0.1953125
2155 40 0.1953125
2156 40 0.1953125
2157 40 0.1953125
2158 40 0.1953125
2159 40 0.1953125
2160 40 0.1953125
2161 40 0.1953125
2162 40 0.1953125
2163 40 0.1953125
2164 40 0.1953125
2165 40 0.1953125
2166 40 0.1953125
2167 40 0.1953125
2168 40 0.1953125
2169 40 0.1953125
2170 40 0.1953125
2171 40 0.1953125
2172 40 0.1953125
2173 40 0.1953125
2174 40 0.1953125
2175 40 0.1953125
2176 40 0.1953125
2177 40 0.1953125
2178 40 0.1953125
2179 40 0.1953125
2180 40 0.1953125
2181 40 0.1953125
2182 40 0.1953125
2183 40 0.1953125
2184 40 0.1953125
2185 40 0.1953125
2186 40 0.1953125
2187 40 0.1953125
2188 40 0.1953125
2189 40 0.1953125
2190 40 0.1953125
2191 40 0.1953125
2192 40 0.1953125
2193 40 0.1953125
2194 40 0.1953125
2195 40 0.1953125
2196 40 0.1953125
2197 40 0.1953125
2198 40 0.1953125
2199 40 0.1953125
2200 40 0.1953125
2201 40 0.1953125
2202 40 0.1953125
2203 40 0.1953125
2204 40 0.1953125
2205 40 0.1953125
2206 40 0.1953125
2207 40 0.1953125
2208 40 0.1953125
2209 40 0.1953125
2210 40 0.1953125
2211 40 0.1953125
2212 40 0.1953125
2213 40 0.1953125
2214 40 0.1953125
2215 40 0.1953125
2216 40 0.1953125
2217 40 0.1953125
2218 40 0.1953125
2219 40 0.1953125
2220 40 0.1953125
2221 40 0.1953125
2222 40 0.1953125
2223 40 0.1953125
2224 40 0.1953125
2225 40 0.1953125
2226 40 0.1953125
2227 40 0.1953125
2228 40 0.1953125
2229 40 0.1953125
2230 40 0.1953125
2231 40 0.1953125
2232 40 0.1953125
2233 40 0.1953125
2234 40 0.1953125
2235 40 0.1953125
2236 40 0.1953125
2237 40 0.1953125
2238 40 0.1953125
2239 40 0.1953125
2240 40 0.1953125
2241 40 0.1953125
2242 40 0.1953125
2243 40 0.1953125
2244 40 0.1953125
2245 40 0.1953125
2246 40 0.1953125
2247 40 0.1953125
2248 40 0.1953125
2249 40 0.1953125
2250 40 0.1953125
2251 40 0.1953125
2252 40 0.1953125
2253 40 0.1953125
2254 40 0.1953125
2255 40 0.1953125
2256 40 0.1953125
2257 40 0.1953125
2258 40 0.1953125
2259 40 0.1953125
2260 40 0.1953125
2261 40 0.1953125
2262 39 0.1904296875
2263 40 0.1953125
2264 40 0.1953125
2265 40 0.1953125
2266 40 0.1953125
2267 40 0.1953125
2268 40 0.1953125
2269 40 0.1953125
2270 40 0.1953125
2271 39 0.1904296875
2272 40 0.1953125
2273 40 0.1953125
2274 40 0.1953125
2275 40 0.1953125
2276 40 0.1953125
2277 40 0.1953125
2278 40 0.1953125
2279 40 0.1953125
2280 39 0.1904296875
2281 40 0.1953125
2282 39 0.1904296875
2283 39 0.1904296875
2284 39 0.1904296875
2285 39 0.1904296875
2286 39 0.1904296875
2287 39 0.1904296875
2288 39 0.1904296875
2289 39 0.1904296875
2290 39 0.1904296875
2291 39 0.1904296875
2292 39 0.1904296875
2293 39 0.1904296875
2294 39 0.1904296875
2295 39 0.1904296875
2296 39 0.1904296875
2297 39 0.1904296875
2298 39 0.1904296875
2299 39 0.1904296875
2300 39 0.1904296875
2301 39 0.1904296875
2302 39 0.1904296875
2303 39 0.1904296875
2304 39 0.1904296875
2305 39 0.1904296875
2306 39 0.1904296875
2307 39 0.1904296875
2308 39 0.1904296875
2309 39 0.1904296875
2310 39 0.1904296875
2311 39 0.1904296875
2312 39 0.1904296875
2313 39 0.1904296875
2314 39 0.1904296875
2315 39 0.1904296875
2316 39 0.1904296875
2317 39 0.1904296875
2318 39 0.1904296875
2319 39 0.1904296875
2320 39 0.1904296875
2321 39 0.1904296875
2322 39 0.1904296875
2323 39 0.1904296875
2324 39 0.1904296875
2325 39 0.1904296875
2326 39 0.1904296875
2327 39 0.1904296875
2328 39 0.1904296875
2329 39 0.1904296875
2330 39 0.1904296875
2331 39 0.1904296875
2332 39 0.1904296875
2333 39 0.1904296875
2334 39 0.1904296875
2335 39 0.1904296875
2336 39 0.1904296875
2337 39 0.1904296875
2338 39 0.1904296875
2339 39 0.1904296875
2340 39 0.1904296875
2341 39 0.1904296875
2342 39 0.1904296875
2343 39 0.1904296875
2344 39 0.1904296875
2345 39 0.1904296875
2346 39 0.1904296875
2347 39 0.1904296875
2348 39 0.1904296875
2349 39 0.1904296875
2350 39 0.1904296875
2351 39 0.1904296875
2352 39 0.1904296875
2353 39 0.1904296875
2354 39 0.1904296875
2355 39 0.1904296875
2356 39 0.1904296875
2357 39 0.1904296875
2358 39 0.1904296875
2359 39 0.1904296875
2360 39 0.1904296875
2361 39 0.1904296875
2362 39 0.1904296875
2363 39 0.1904296875
2364 39 0.1904296875
2365 39 0.1904296875
2366 39 0.1904296875
2367 39 0.1904296875
2368 39 0.1904296875
2369 39 0.1904296875
2370 39 0.1904296875
2371 39 0.1904296875
2372 39 0.1904296875
2373 39 0.1904296875
2374 39 0.1904296875
2375 39 0.1904296875
2376 39 0.1904296875
2377 39 0.1904296875
2378 39 0.1904296875
2379 39 0.1904296875
2380 39 0.1904296875
2381 39 0.1904296875
2382 39 0.1904296875
2383 39 0.1904296875
2384 39 0.1904296875
2385 39 0.1904296875
2386 39 0.1904296875
2387 39 0.1904296875
2388 39 0.1904296875
2389 39 0.1904296875
2390 39 0.1904296875
2391 39 0.1904296875
2392 39 0.1904296875
2393 39 0.1904296875
2394 39 0.1904296875
2395 39 0.1904296875
2396 39 0.1904296875
2397 39 0.1904296875
2398 39 0.1904296875
2399 39 0.1904296875
2400 39 0.1904296875
2401 39 0.1904296875
2402 39 0.1904296875
2403 39 0.1904296875
2404 39 0.1904296875
2405 39 0.1904296875
2406 39 0.1904296875
2407 39 0.1904296875
2408 39 0.1904296875
2409 39 0.1904296875
2410 39 0.1904296875
2411 39 0.1904296875
2412 39 0.1904296875
2413 39 0.1904296875
2414 39 0.1904296875
2415 39 0.1904296875
2416 39 0.1904296875
2417 39 0.1904296875
2418 39 0.1904296875
2419 39 0.1904296875
2420 39 0.1904296875
2421 39 0.1904296875
2422 39 0.1904296875
2423 39 0.1904296875
2424 39 0.1904296875
2425 39 0.1904296875
2426 39 0.1904296875
2427 39 0.1904296875
2428 39 0.1904296875
2429 39 0.1904296875
2430 39 0.1904296875
2431 39 0.1904296875
2432 39 0.1904296875
2433 39 0.1904296875
2434 39 0.1904296875
2435 39 0.1904296875
2436 39 0.1904296875
2437 39 0.1904296875
2438 39 0.1904296875
2439 39 0.1904296875
2440 39 0.1904296875
2441 39 0.1904296875
2442 39 0.1904296875
2443 39 0.1904296875
2444 39 0.1904296875
2445 39 0.1904296875
2446 39 0.1904296875
2447 39 0.1904296875
2448 39 0.1904296875
2449 39 0.1904296875
2450 39 0.1904296875
2451 39 0.1904296875
2452 39 0.1904296875
2453 39 0.1904296875
2454 39 0.1904296875
2455 39 0.1904296875
2456 39 0.1904296875
2457 39 0.1904296875
2458 39 0.1904296875
2459 39 0.1904296875
2460 39 0.1904296875
2461 39 0.1904296875
2462 39 0.1904296875
2463 39 0.1904296875
2464 39 0.1904296875
2465 39 0.1904296875
2466 39 0.1904296875
2467 39 0.1904296875
2468 39 0.1904296875
2469 39 0.1904296875
2470 39 0.1904296875
2471 39 0.1904296875
2472 39 0.1904296875
2473 39 0.1904296875
2474 39 0.1904296875
2475 39 0.1904296875
2476 39 0.1904296875
2477 39 0.1904296875
2478 39 0.1904296875
2479 39 0.1904296875
2480 39 0.1904296875
2481 39 0.1904296875
2482 39 0.1904296875
2483 39 0.1904296875
2484 39 0.1904296875
2485 39 0.1904296875
2486 39 0.1904296875
2487 39 0.1904296875
2488 39 0.1904296875
2489 39 0.1904296875
2490 39 0.1904296875
2491 39 0.1904296875
